400	1.715E7
401	1.729E7
402	1.82E7
403	1.736E7
404	1.855E7
405	1.729E7
406	1.708E7
407	1.659E7
408	1.785E7
409	2.058E7
410	1.715E7
411	2.023E7
412	2.149E7
413	2.058E7
414	2.016E7
415	2.149E7
416	2.17E7
417	2.128E7
418	2.079E7
419	2.163E7
420	1.834E7
421	2.324E7
422	2.289E7
423	1.883E7
424	2.184E7
425	2.268E7
426	2.226E7
427	2.135E7
428	2.184E7
429	1.981E7
430	1.596E7
431	1.449E7
432	2.639E7
433	2.345E7
434	2.303E7
435	2.527E7
436	2.8E7
437	2.877E7
438	2.625E7
439	2.534E7
440	2.954E7
441	2.905E7
442	3.08E7
443	3.122E7
444	3.129E7
445	3.311E7
446	2.975E7
447	3.388E7
448	3.479E7
449	3.528E7
450	3.598E7
451	3.99E7
452	3.752E7
453	3.507E7
454	3.745E7
455	3.766E7
456	3.808E7
457	3.962E7
458	3.885E7
459	3.85E7
460	3.906E7
461	4.13E7
462	3.976E7
463	4.039E7
464	4.13E7
465	4.06E7
466	4.116E7
467	4.032E7
468	4.326E7
469	4.263E7
470	4.27E7
471	4.277E7
472	4.305E7
473	4.207E7
474	4.298E7
475	4.473E7
476	4.41E7
477	4.41E7
478	4.55E7
479	4.445E7
480	4.487E7
481	4.508E7
482	4.683E7
483	4.697E7
484	4.557E7
485	4.571E7
486	3.738E7
487	4.221E7
488	4.655E7
489	4.305E7
490	4.907E7
491	4.613E7
492	4.48E7
493	4.837E7
494	4.774E7
495	5.075E7
496	4.97E7
497	4.872E7
498	4.746E7
499	4.76E7
500	4.753E7
501	4.697E7
502	4.69E7
503	4.998E7
504	4.543E7
505	4.991E7
506	5.355E7
507	5.04E7
508	4.907E7
509	5.348E7
510	5.201E7
511	5.18E7
512	5.474E7
513	5.047E7
514	5.026E7
515	5.173E7
516	5.397E7
517	4.039E7
518	5.005E7
519	4.809E7
520	5.334E7
521	5.383E7
522	5.565E7
523	5.187E7
524	5.614E7
525	5.712E7
526	5.418E7
527	4.753E7
528	5.733E7
529	5.957E7
530	5.691E7
531	6.293E7
532	6.013E7
533	5.362E7
534	5.775E7
535	5.887E7
536	6.363E7
537	6.013E7
538	6.139E7
539	6.125E7
540	6.09E7
541	5.621E7
542	6.174E7
543	5.943E7
544	6.475E7
545	6.398E7
546	6.223E7
547	6.531E7
548	6.195E7
549	6.531E7
550	6.426E7
551	6.412E7
552	6.72E7
553	6.524E7
554	6.755E7
555	6.762E7
556	6.615E7
557	6.496E7
558	6.72E7
559	6.482E7
560	6.657E7
561	7.42E7
562	6.762E7
563	7.14E7
564	7.07E7
565	7.07E7
566	6.566E7
567	7.07E7
568	7.14E7
569	6.937E7
570	7.07E7
571	6.874E7
572	7.21E7
573	7.35E7
574	7.28E7
575	7.21E7
576	7.07E7
577	7.42E7
578	7.35E7
579	7.21E7
580	7.49E7
581	7.42E7
582	7.56E7
583	7.63E7
584	7.7E7
585	7.7E7
586	7.35E7
587	7.7E7
588	7.63E7
589	6.391E7
590	6.643E7
591	7.21E7
592	6.811E7
593	7.56E7
594	7.28E7
595	7.21E7
596	7.42E7
597	7.49E7
598	7.42E7
599	7.56E7
600	7.7E7
601	7.7E7
602	7.63E7
603	7.7E7
604	7.98E7
605	8.05E7
606	7.98E7
607	7.91E7
608	7.91E7
609	7.84E7
610	7.7E7
611	7.84E7
612	7.77E7
613	7.63E7
614	7.42E7
615	7.77E7
616	7.35E7
617	7.35E7
618	7.77E7
619	7.7E7
620	7.91E7
621	8.12E7
622	7.7E7
623	7.7E7
624	7.7E7
625	7.42E7
626	7.49E7
627	7.63E7
628	7.28E7
629	7.56E7
630	7.42E7
631	7.7E7
632	7.21E7
633	7.77E7
634	7.56E7
635	7.77E7
636	7.49E7
637	7.7E7
638	7.91E7
639	7.91E7
640	7.7E7
641	7.77E7
642	7.77E7
643	7.91E7
644	7.84E7
645	7.91E7
646	7.49E7
647	7.35E7
648	7.07E7
649	7.56E7
650	7.35E7
651	7.98E7
652	7.7E7
653	7.91E7
654	7.77E7
655	7.28E7
656	6.321E7
657	6.867E7
658	7.84E7
659	7.84E7
660	7.91E7
661	7.98E7
662	8.05E7
663	7.91E7
664	7.7E7
665	7.84E7
666	7.98E7
667	7.91E7
668	7.91E7
669	8.05E7
670	7.91E7
671	7.84E7
672	7.84E7
673	7.98E7
674	7.98E7
675	7.98E7
676	8.05E7
677	7.91E7
678	7.98E7
679	7.91E7
680	7.98E7
681	7.98E7
682	7.98E7
683	7.98E7
684	7.84E7
685	7.91E7
686	7.56E7
687	4.711E7
688	6.391E7
689	6.769E7
690	7.07E7
691	7.28E7
692	7.28E7
693	6.783E7
694	6.335E7
695	6.909E7
696	6.881E7
697	7.7E7
698	7.56E7
699	7.35E7
700	7.21E7
701	6.804E7
702	6.839E7
703	7.07E7
704	7.21E7
705	7.21E7
706	7.35E7
707	7.35E7
708	7.63E7
709	7.42E7
710	7.56E7
711	7.63E7
712	7.49E7
713	7.42E7
714	7.56E7
715	7E7
716	7.28E7
717	5.922E7
718	4.949E7
719	4.347E7
720	4.676E7
721	6.524E7
722	6.65E7
723	6.433E7
724	5.04E7
725	4.956E7
726	5.754E7
727	5.509E7
728	4.739E7
729	4.732E7
730	5.957E7
731	5.306E7
732	5.565E7
733	6.461E7
734	7.28E7
735	6.713E7
736	6.965E7
737	7.07E7
738	7.28E7
739	7E7
740	7.28E7
741	7.35E7
742	7.35E7
743	7.56E7
744	7.63E7
745	7.42E7
746	7.56E7
747	7.7E7
748	7.56E7
749	7.56E7
750	7.49E7
751	7.49E7
752	7.63E7
753	7.49E7
754	7.63E7
755	7.63E7
756	7.49E7
757	7.56E7
758	7.56E7
759	7.21E7
760	1.491E7
761	1.001E7
762	4.165E7
763	3.353E7
764	3.843E7
765	5.026E7
766	5.761E7
767	6.181E7
768	7.07E7
769	7.28E7
770	7.21E7
771	7.42E7
772	7.42E7
773	7.42E7
774	7.49E7
775	7.14E7
776	7.42E7
777	7.35E7
778	7.28E7
779	7.35E7
780	7.35E7
781	7.42E7
782	7.42E7
783	7.21E7
784	7.28E7
785	7.28E7
786	7.07E7
787	7.14E7
788	6.923E7
789	6.958E7
790	6.552E7
791	6.552E7
792	6.636E7
793	6.769E7
794	6.965E7
795	6.762E7
796	6.237E7
797	6.699E7
798	6.79E7
799	6.867E7
800	6.51E7
801	6.552E7
802	6.664E7
803	6.524E7
804	6.51E7
805	6.384E7
806	6.804E7
807	6.636E7
808	6.748E7
809	6.426E7
810	6.258E7
811	6.265E7
812	6.013E7
813	5.537E7
814	4.928E7
815	4.536E7
816	4.886E7
817	3.626E7
818	4.704E7
819	4.662E7
820	4.41E7
821	6.083E7
822	5.481E7
823	3.22E7
824	5.138E7
825	5.824E7
826	5.306E7
827	5.803E7
828	4.529E7
829	5.446E7
830	5.194E7
831	5.166E7
832	5.033E7
833	5.418E7
834	5.537E7
835	5.838E7
836	5.894E7
837	5.838E7
838	6.034E7
839	6.048E7
840	6.209E7
841	6.237E7
842	6.02E7
843	6.419E7
844	6.111E7
845	6.356E7
846	6.44E7
847	6.251E7
848	6.356E7
849	6.405E7
850	5.53E7
851	6.286E7
852	6.104E7
853	6.209E7
854	4.942E7
855	5.439E7
856	6.174E7
857	6.286E7
858	6.132E7
859	6.146E7
860	6.118E7
861	6.104E7
862	6.09E7
863	6.202E7
864	6.188E7
865	6.069E7
866	5.082E7
867	5.411E7
868	5.859E7
869	5.782E7
870	6.02E7
871	6.034E7
872	6.02E7
873	6.048E7
874	5.915E7
875	5.873E7
876	5.922E7
877	6.027E7
878	5.908E7
879	5.915E7
880	5.894E7
881	5.586E7
882	5.866E7
883	5.747E7
884	5.796E7
885	5.873E7
886	5.544E7
887	5.593E7
888	5.761E7
889	5.747E7
890	5.656E7
891	5.691E7
892	5.544E7
893	4.893E7
894	5.075E7
895	4.543E7
896	4.249E7
897	3.248E7
898	4.06E7
899	2.856E7
900	2.786E7
901	2.898E7
902	3.283E7
903	3.717E7
904	4.76E7
905	4.62E7
906	4.501E7
907	3.353E7
908	3.269E7
909	3.066E7
910	2.877E7
911	2.863E7
912	3.689E7
913	3.311E7
914	3.066E7
915	2.688E7
916	2.716E7
917	3.507E7
918	2.695E7
919	3.703E7
920	4.396E7
921	4.298E7
922	3.927E7
923	3.829E7
924	3.437E7
925	3.486E7
926	3.598E7
927	3.773E7
928	2.359E7
929	2.037E7
930	2.037E7
931	1.302E7
932	6.433E6
933	4.62E6
934	4.599E6
935	5.999E6
936	4.445E6
937	3.262E6
938	3.213E6
939	9.38E6
940	1.491E7
941	1.148E7
942	1.113E7
943	8.05E6
944	8.61E6
945	1.113E7
946	1.127E7
947	7.77E6
948	1.036E7
949	1.155E7
950	1.141E7
951	1.47E7
952	6.573E6
953	1.505E7
954	1.491E7
955	1.267E7
956	1.043E7
957	1.967E7
958	1.981E7
959	1.183E7
960	1.645E7
961	1.624E7
962	2.009E7
963	2.31E7
964	1.855E7
965	1.876E7
966	2.03E7
967	3.143E7
968	3.108E7
969	3.304E7
970	3.591E7
971	3.836E7
972	3.864E7
973	3.472E7
974	2.842E7
975	2.856E7
976	2.8E7
977	3.479E7
978	3.388E7
979	3.283E7
980	3.346E7
981	4.172E7
982	4.165E7
983	3.92E7
984	4.158E7
985	4.151E7
986	4.564E7
987	4.459E7
988	4.403E7
989	4.655E7
990	4.55E7
991	4.592E7
992	4.69E7
993	4.648E7
994	4.669E7
995	4.795E7
996	4.795E7
997	4.802E7
998	4.788E7
999	4.76E7
1000	4.718E7
1001	4.767E7
1002	4.62E7
1003	4.564E7
1004	4.711E7
1005	4.417E7
1006	4.648E7
1007	4.739E7
1008	4.711E7
1009	4.683E7
1010	4.599E7
1011	4.711E7
1012	4.711E7
1013	4.683E7
1014	4.711E7
1015	4.62E7
1016	4.662E7
1017	4.599E7
1018	4.662E7
1019	4.557E7
1020	4.592E7
1021	4.634E7
1022	4.564E7
1023	4.655E7
1024	4.62E7
1025	4.648E7
1026	4.655E7
1027	4.592E7
1028	4.613E7
1029	4.543E7
1030	4.585E7
1031	4.571E7
1032	4.557E7
1033	4.473E7
1034	4.515E7
1035	4.48E7
1036	4.55E7
1037	4.452E7
1038	4.508E7
1039	4.578E7
1040	4.529E7
1041	4.564E7
1042	4.578E7
1043	4.515E7
1044	4.55E7
1045	4.536E7
1046	4.368E7
1047	4.445E7
1048	4.459E7
1049	4.41E7
1050	4.382E7
1051	4.389E7
1052	4.368E7
1053	4.375E7
1054	4.333E7
1055	4.368E7
1056	4.354E7
1057	4.354E7
1058	4.305E7
1059	4.158E7
1060	4.305E7
1061	4.144E7
1062	4.263E7
1063	4.172E7
1064	4.221E7
1065	4.221E7
1066	4.116E7
1067	4.214E7
1068	4.193E7
1069	3.85E7
1070	4.074E7
1071	4.116E7
1072	4.137E7
1073	4.004E7
1074	4.144E7
1075	3.878E7
1076	3.948E7
1077	3.941E7
1078	4.074E7
1079	3.913E7
1080	3.913E7
1081	3.773E7
1082	3.913E7
1083	3.703E7
1084	3.857E7
1085	3.71E7
1086	3.759E7
1087	3.682E7
1088	3.899E7
1089	3.703E7
1090	3.766E7
1091	3.787E7
1092	3.486E7
1093	3.472E7
1094	3.185E7
1095	3.444E7
1096	3.374E7
1097	3.332E7
1098	3.115E7
1099	2.758E7
1100	2.8E7
1101	2.821E7
1102	2.709E7
1103	2.632E7
1104	2.618E7
1105	2.457E7
1106	2.443E7
1107	2.45E7
1108	2.436E7
1109	2.03E7
1110	1.939E7
1111	1.918E7
1112	1.666E7
1113	1.666E7
1114	1.197E7
1115	1.183E7
1116	4.312E6
1117	4.382E6
1118	6.461E6
1119	6.293E6
1120	3.976E6
1121	4.004E6
1122	1.379E6
1123	4.697E6
1124	4.697E6
1125	1.505E6
1126	1.47E6
1127	2.317E6
1128	2.268E6
1129	1.841E6
1130	1.827E6
1131	9.45E6
1132	9.45E6
1133	1.911E6
1134	1.918E6
1135	1.015E6
1136	1.001E6
1137	8.75E6
1138	8.4E6
1139	9.66E6
1140	9.73E6
1141	7.42E6
1142	7.63E6
1143	9.03E6
1144	9.03E6
1145	2.527E6
1146	2.555E6
1147	2.919E6
1148	2.884E6
1149	7.28E6
1150	7.28E6
1151	7.77E6
1152	7.77E6
1153	6.762E6
1154	6.797E6
1155	8.68E6
1156	8.54E6
1157	1.281E7
1158	1.281E7
1159	1.645E7
1160	1.624E7
1161	1.568E7
1162	1.624E7
1163	2.205E7
1164	2.163E7
1165	1.995E7
1166	1.946E7
1167	2.345E7
1168	2.366E7
1169	2.443E7
1170	2.506E7
1171	2.618E7
1172	2.611E7
1173	2.03E7
1174	2.03E7
1175	2.947E7
1176	2.877E7
1177	2.45E7
1178	2.415E7
1179	2.863E7
1180	2.905E7
1181	2.058E7
1182	2.058E7
1183	2.492E7
1184	2.604E7
1185	2.737E7
1186	2.723E7
1187	2.254E7
1188	2.247E7
1189	2.114E7
1190	2.646E7
1191	2.681E7
1192	3.031E7
1193	3.038E7
1194	2.779E7
1195	2.744E7
1196	2.758E7
1197	2.758E7
1198	2.457E7
1199	2.366E7
1200	2.583E7
1201	2.597E7
1202	2.513E7
1203	2.394E7
1204	2.436E7
1205	3.073E7
1206	3.059E7
1207	2.765E7
1208	2.73E7
1209	2.653E7
1210	2.842E7
1211	2.555E7
1212	2.632E7
1213	2.751E7
1214	2.744E7
1215	2.751E7
1216	3.017E7
1217	3.01E7
1218	3.094E7
1219	3.073E7
1220	3.157E7
1221	3.15E7
1222	3.003E7
1223	2.989E7
1224	3.185E7
1225	3.164E7
1226	3.178E7
1227	3.052E7
1228	3.143E7
1229	3.255E7
1230	3.241E7
1231	3.318E7
1232	3.276E7
1233	3.304E7
1234	3.311E7
1235	3.29E7
1236	3.367E7
1237	3.367E7
1238	3.388E7
1239	3.346E7
1240	3.339E7
1241	3.367E7
1242	3.346E7
1243	3.325E7
1244	3.297E7
1245	3.367E7
1246	3.346E7
1247	3.325E7
1248	3.353E7
1249	3.346E7
1250	3.346E7
1251	3.325E7
1252	3.318E7
1253	3.297E7
1254	3.304E7
1255	3.304E7
1256	3.304E7
1257	3.283E7
1258	3.311E7
1259	3.206E7
1260	3.22E7
1261	3.227E7
1262	3.066E7
1263	3.108E7
1264	3.073E7
1265	3.08E7
1266	3.164E7
1267	3.108E7
1268	3.087E7
1269	2.492E7
1270	2.499E7
1271	3.129E7
1272	3.115E7
1273	3.101E7
1274	3.15E7
1275	3.164E7
1276	3.136E7
1277	3.129E7
1278	3.129E7
1279	3.108E7
1280	3.087E7
1281	3.045E7
1282	2.702E7
1283	2.94E7
1284	3.066E7
1285	3.087E7
1286	3.094E7
1287	3.108E7
1288	2.87E7
1289	2.891E7
1290	2.821E7
1291	2.891E7
1292	2.905E7
1293	2.961E7
1294	2.912E7
1295	2.947E7
1296	2.534E7
1297	2.513E7
1298	2.779E7
1299	2.807E7
1300	2.8E7
1301	2.394E7
1302	2.366E7
1303	2.303E7
1304	2.303E7
1305	2.317E7
1306	2.219E7
1307	2.212E7
1308	2.212E7
1309	1.967E7
1310	1.96E7
1311	2.114E7
1312	2.114E7
1313	2.03E7
1314	1.491E7
1315	1.442E7
1316	2.086E7
1317	2.107E7
1318	2.079E7
1319	1.484E7
1320	1.477E7
1321	1.47E7
1322	1.442E7
1323	1.442E7
1324	1.638E7
1325	1.631E7
1326	1.631E7
1327	1.106E7
1328	1.106E7
1329	6.776E6
1330	6.895E6
1331	6.937E6
1332	4.907E6
1333	5.033E6
1334	5.026E6
1335	1.071E7
1336	1.057E7
1337	6.132E6
1338	6.125E6
1339	6.055E6
1340	6.153E6
1341	6.244E6
1342	6.223E6
1343	3.682E6
1344	3.675E6
1345	1.442E6
1346	1.428E6
1347	1.442E6
1348	96600
1349	95900
1350	95200
1351	1155
1352	1169
1353	1162
1354	7.35
1355	7.28
1356	0.854
1357	0.847
1358	0.861
1359	0.00368
1360	0.00361
1361	0.00369
1362	0.02646
1363	0.02597
1364	0.02632
1365	0.01687
1366	0.01687
1367	0.01673
1368	5.936E-4
1369	5.817E-4
1370	4.109E-4
1371	4.116E-4
1372	4.165E-4
1373	1.267
1374	1.274
1375	1.253
1376	16.87
1377	17.15
1378	17.08
1379	0.1603
1380	0.1582
1381	0.1589
1382	0.00101
1383	0.00101
1384	0.00101
1385	0.154
1386	0.1554
1387	7.28
1388	7.35
1389	7.35
1390	11.55
1391	11.69
1392	11.69
1393	0.6657
1394	0.6587
1395	0.6587
1396	88.2
1397	88.2
1398	88.2
1399	20.58
1400	20.02
1401	20.09
1402	728
1403	721
1404	721
1405	83.3
1406	83.3
1407	84
1408	80.5
1409	80.5
1410	80.5
1411	37730
1412	36260
1413	36890
1414	56000
1415	55790
1416	55440
1417	22820
1418	22820
1419	22470
1420	130900
1421	132300
1422	129500
1423	94500
1424	94500
1425	96600
1426	245700
1427	249200
1428	254800
1429	910000
1430	896000
1431	910000
1432	200200
1433	200200
1434	195300
1435	289100
1436	288400
1437	289800
1438	451500
1439	455700
1440	425600
1441	429100
1442	418600
1443	425600
1444	427000
1445	257600
1446	259000
1447	257600
1448	1.652E6
1449	1.652E6
1450	1.638E6
1451	601300
1452	591500
1453	599900
1454	2.583E6
1455	2.541E6
1456	2.534E6
1457	4.186E6
1458	4.242E6
1459	4.263E6
1460	1.82E6
1461	1.82E6
1462	1.799E6
1463	1.792E6
1464	3.164E6
1465	3.206E6
1466	3.136E6
1467	1.197E6
1468	1.169E6
1469	1.19E6
1470	328300
1471	322000
1472	322700
1473	4.067E6
1474	3.934E6
1475	4.018E6
1476	4.025E6
1477	2.31E6
1478	2.275E6
1479	2.31E6
1480	1.988E6
1481	1.953E6
1482	1.974E6
1483	4.809E6
1484	4.851E6
1485	4.942E6
1486	3.486E6
1487	3.479E6
1488	3.038E6
1489	3.479E6
1490	8.19E6
1491	8.26E6
1492	8.05E6
1493	9.31E6
1494	9.31E6
1495	9.24E6
1496	1.204E7
1497	1.232E7
1498	1.246E7
1499	1.225E7
1500	1.624E7
1501	1.624E7
1502	1.61E7
1503	9.45E6
1504	9.87E6
1505	9.8E6
1506	9.94E6
1507	1.589E7
1508	1.561E7
1509	1.568E7
1510	1.89E7
1511	1.897E7
1512	1.862E7
1513	1.729E7
1514	1.708E7
1515	1.743E7
1516	1.722E7
1517	1.666E7
1518	1.694E7
1519	1.666E7
1520	2.149E7
1521	2.107E7
1522	2.093E7
1523	2.142E7
1524	2.037E7
1525	1.995E7
1526	2.051E7
1527	2.1E7
1528	2.114E7
1529	2.107E7
1530	1.974E7
1531	2.184E7
1532	2.17E7
1533	2.163E7
1534	2.142E7
1535	2.149E7
1536	2.177E7
1537	2.184E7
1538	2.198E7
1539	2.24E7
1540	2.163E7
1541	2.156E7
1542	2.17E7
1543	2.163E7
1544	2.184E7
1545	2.233E7
1546	2.233E7
1547	2.205E7
1548	2.177E7
1549	2.233E7
1550	2.219E7
1551	2.212E7
1552	2.247E7
1553	2.233E7
1554	2.149E7
1555	2.184E7
1556	2.184E7
1557	2.261E7
1558	2.24E7
1559	2.233E7
1560	2.198E7
1561	2.247E7
1562	2.247E7
1563	2.205E7
1564	2.163E7
1565	2.205E7
1566	2.163E7
1567	2.156E7
1568	2.128E7
1569	2.156E7
1570	1.967E7
1571	2.016E7
1572	2.023E7
1573	1.988E7
1574	2.107E7
1575	1.953E7
1576	2.093E7
1577	1.89E7
1578	2.023E7
1579	2.03E7
1580	2.058E7
1581	2.044E7
1582	2.072E7
1583	2.086E7
1584	2.058E7
1585	2.149E7
1586	2.121E7
1587	2.093E7
1588	2.058E7
1589	1.897E7
1590	2.044E7
1591	2.002E7
1592	2.107E7
1593	2.135E7
1594	2.121E7
1595	2.135E7
1596	2.002E7
1597	2.065E7
1598	2.114E7
1599	2.051E7
1600	2.086E7
1601	1.918E7
1602	1.967E7
1603	1.953E7
1604	2.058E7
1605	2.03E7
1606	2.023E7
1607	2.03E7
1608	1.995E7
1609	1.988E7
1610	1.862E7
1611	1.911E7
1612	2.002E7
1613	2.044E7
1614	2.023E7
1615	2.051E7
1616	1.918E7
1617	1.974E7
1618	2.037E7
1619	2.03E7
1620	2.016E7
1621	1.981E7
1622	2.03E7
1623	2.072E7
1624	2.079E7
1625	2.03E7
1626	2.051E7
1627	2.051E7
1628	2.072E7
1629	2.072E7
1630	2.016E7
1631	2.044E7
1632	2.03E7
1633	2.002E7
1634	1.96E7
1635	2.009E7
1636	2.023E7
1637	1.932E7
1638	1.918E7
1639	1.904E7
1640	1.855E7
1641	1.841E7
1642	1.841E7
1643	1.883E7
1644	1.897E7
1645	1.904E7
1646	1.925E7
1647	1.939E7
1648	1.925E7
1649	1.883E7
1650	1.932E7
1651	1.883E7
1652	1.925E7
1653	1.904E7
1654	1.925E7
1655	1.883E7
1656	1.932E7
1657	1.918E7
1658	1.925E7
1659	1.89E7
1660	1.897E7
1661	1.904E7
1662	1.897E7
1663	1.883E7
1664	1.834E7
1665	1.813E7
1666	1.806E7
1667	1.82E7
1668	1.785E7
1669	1.848E7
1670	1.89E7
1671	1.876E7
1672	1.785E7
1673	1.841E7
1674	1.855E7
1675	1.834E7
1676	1.806E7
1677	1.806E7
1678	1.813E7
1679	1.792E7
1680	1.729E7
1681	1.673E7
1682	1.722E7
1683	1.764E7
1684	1.799E7
1685	1.82E7
1686	1.799E7
1687	1.806E7
1688	1.806E7
1689	1.785E7
1690	1.694E7
1691	1.715E7
1692	1.715E7
1693	1.708E7
1694	1.673E7
1695	1.673E7
1696	1.666E7
1697	1.652E7
1698	1.708E7
1699	1.694E7
1700	1.673E7
1701	1.673E7
1702	1.673E7
1703	1.659E7
1704	1.694E7
1705	1.701E7
1706	1.687E7
1707	1.533E7
1708	1.484E7
1709	1.512E7
1710	1.533E7
1711	1.477E7
1712	1.582E7
1713	1.589E7
1714	1.589E7
1715	1.589E7
1716	1.694E7
1717	1.673E7
1718	1.666E7
1719	1.687E7
1720	1.393E7
1721	1.372E7
1722	1.407E7
1723	1.337E7
1724	1.358E7
1725	1.372E7
1726	1.386E7
1727	1.379E7
1728	1.351E7
1729	1.358E7
1730	1.365E7
1731	1.351E7
1732	1.337E7
1733	1.253E7
1734	1.281E7
1735	1.295E7
1736	1.232E7
1737	1.218E7
1738	1.225E7
1739	1.246E7
1740	1.253E7
1741	1.225E7
1742	1.26E7
1743	1.323E7
1744	1.344E7
1745	1.309E7
1746	1.323E7
1747	1.155E7
1748	1.197E7
1749	1.19E7
1750	1.183E7
1751	1.169E7
1752	1.155E7
1753	1.162E7
1754	1.162E7
1755	1.148E7
1756	1.19E7
1757	1.19E7
1758	1.176E7
1759	1.183E7
1760	1.176E7
1761	1.043E7
1762	1.015E7
1763	1.036E7
1764	1.029E7
1765	1.043E7
1766	7.77E6
1767	7.77E6
1768	7.63E6
1769	7.7E6
1770	8.4E6
1771	8.4E6
1772	8.47E6
1773	8.47E6
1774	8.4E6
1775	5.082E6
1776	5.075E6
1777	4.998E6
1778	4.97E6
1779	5.019E6
1780	6.489E6
1781	6.517E6
1782	6.433E6
1783	6.405E6
1784	6.412E6
1785	2.898E6
1786	2.919E6
1787	2.94E6
1788	2.933E6
1789	3.388E6
1790	3.36E6
1791	3.367E6
1792	3.332E6
1793	3.332E6
1794	1.176E6
1795	1.183E6
1796	1.183E6
1797	1.169E6
1798	1.176E6
1799	819000
1800	819000
1801	805000
1802	798000
1803	791000
1804	271600
1805	272300
1806	270200
1807	268800
1808	267400
1809	67270
1810	66850
1811	66780
1812	66150
1813	66290
1814	20790
1815	20440
1816	20160
1817	19460
1818	18200
1819	22.47
1820	23.17
1821	23.31
1822	23.1
1823	22.75
1824	2765
1825	2744
1826	2758
1827	2765
1828	2751
1829	0.00169
1830	0.00173
1831	0.00172
1832	0.00172
1833	0.00166
1834	0.02954
1835	0.02912
1836	0.02919
1837	0.02933
1838	0.02835
1839	2.38E-5
1840	2.324E-5
1841	2.373E-5
1842	2.331E-5
1843	2.254E-5
1844	0.05383
1845	0.05362
1846	0.0539
1847	0.05082
1848	0.05229
1849	0.00945
1850	0.00952
1851	0.00952
1852	0.00945
1853	0.00924
1854	5.845E-4
1855	5.852E-4
1856	5.621E-4
1857	5.845E-4
1858	5.824E-4
1859	0.0357
1860	0.03528
1861	0.03556
1862	0.03535
1863	0.03528
1864	0.05005
1865	0.05026
1866	0.04949
1867	0.04865
1868	0.04893
1869	0.05005
1870	7.63E-11
1871	7.56E-11
1872	7.49E-11
1873	7.21E-11
1874	7.21E-11
1875	0.03185
1876	0.02961
1877	0.03444
1878	0.03528
1879	0.03605
1880	0.574
1881	0.5915
1882	0.5873
1883	0.5901
1884	0.5866
1885	0.5831
1886	2.408
1887	2.527
1888	2.492
1889	2.499
1890	2.401
1891	3.871
1892	3.752
1893	3.633
1894	3.808
1895	3.717
1896	0.1309
1897	0.1302
1898	0.1337
1899	0.1316
1900	0.1351
1901	0.1358
1902	2.919E-4
1903	2.87E-4
1904	2.849E-4
1905	2.87E-4
1906	2.877E-4
1907	0.077
1908	0.0756
1909	0.0763
1910	0.0763
1911	0.0763
1912	0.0735
1913	0.1897
1914	0.1904
1915	0.189
1916	0.1869
1917	0.1883
1918	42.14
1919	41.93
1920	40.46
1921	42.14
1922	42
1923	41.37
1924	370.3
1925	366.8
1926	368.9
1927	364.7
1928	360.5
1929	414.4
1930	431.2
1931	416.5
1932	429.8
1933	415.1
1934	428.4
1935	6601
1936	6692
1937	6664
1938	6678
1939	6384
1940	88900
1941	90300
1942	89600
1943	86800
1944	81900
1945	77000
1946	97300
1947	103600
1948	105700
1949	106400
1950	103600
1951	100800
1952	263900
1953	269500
1954	270900
1955	270200
1956	267400
1957	410900
1958	413000
1959	410200
1960	407400
1961	408800
1962	400400
1963	1.267E6
1964	1.274E6
1965	1.309E6
1966	1.274E6
1967	1.302E6
1968	1.309E6
1969	2.597E6
1970	2.625E6
1971	2.611E6
1972	2.59E6
1973	2.471E6
1974	2.541E6
1975	3.647E6
1976	3.647E6
1977	3.626E6
1978	3.437E6
1979	3.633E6
1980	3.514E6
1981	4.683E6
1982	4.725E6
1983	4.732E6
1984	4.676E6
1985	4.676E6
1986	4.578E6
1987	4.046E6
1988	4.158E6
1989	4.151E6
1990	4.144E6
1991	4.137E6
1992	4.081E6
1993	4.746E6
1994	4.781E6
1995	4.865E6
1996	4.865E6
1997	4.802E6
1998	4.711E6
1999	1.358E6
2000	1.358E6
2001	1.358E6
2002	1.358E6
2003	1.33E6
2004	1.33E6
2005	1.757E6
2006	1.715E6
2007	1.75E6
2008	1.75E6
2009	1.736E6
2010	1.743E6
2011	1.652E6
2012	1.652E6
2013	1.652E6
2014	1.638E6
2015	1.645E6
2016	1.645E6
2017	2.289E6
2018	2.289E6
2019	2.289E6
2020	2.268E6
2021	2.177E6
2022	2.254E6
2023	5.138E6
2024	5.145E6
2025	5.082E6
2026	5.131E6
2027	5.103E6
2028	5.124E6
2029	6.335E6
2030	6.265E6
2031	6.286E6
2032	6.391E6
2033	6.405E6
2034	6.398E6
2035	7.28E6
2036	7.42E6
2037	7.49E6
2038	7.07E6
2039	7.35E6
2040	7.42E6
2041	7.21E6
2042	7.14E6
2043	7.21E6
2044	7.21E6
2045	7.14E6
2046	7.14E6
2047	7.14E6
2048	5.313E6
2049	5.341E6
2050	5.313E6
2051	5.285E6
2052	5.264E6
2053	5.194E6
2054	4.298E6
2055	4.326E6
2056	4.312E6
2057	4.298E6
2058	4.277E6
2059	4.284E6
2060	5.446E6
2061	5.306E6
2062	5.474E6
2063	5.453E6
2064	5.124E6
2065	5.425E6
2066	5.432E6
2067	5.481E6
2068	5.432E6
2069	5.467E6
2070	5.278E6
2071	5.418E6
2072	5.362E6
2073	6.251E6
2074	6.244E6
2075	6.23E6
2076	6.223E6
2077	6.202E6
2078	6.202E6
2079	6.097E6
2080	7.42E6
2081	7.35E6
2082	7.42E6
2083	7.28E6
2084	7.28E6
2085	7.35E6
2086	7.63E6
2087	7.63E6
2088	7.63E6
2089	7.63E6
2090	7.56E6
2091	7.49E6
2092	7.21E6
2093	7.49E6
2094	7.56E6
2095	7.35E6
2096	7.56E6
2097	7.49E6
2098	7.49E6
2099	7.21E6
2100	7.21E6
2101	7.21E6
2102	7.21E6
2103	7.14E6
2104	7.21E6
2105	7.21E6
2106	7.84E6
2107	7.84E6
2108	7.77E6
2109	7.77E6
2110	7.56E6
2111	7.77E6
2112	7.63E6
2113	7.56E6
2114	7.63E6
2115	7.56E6
2116	7.56E6
2117	7.35E6
2118	7.49E6
2119	7.49E6
2120	7.28E6
2121	7.42E6
2122	7.35E6
2123	7.35E6
2124	7.21E6
2125	7.35E6
2126	7.7E6
2127	7.56E6
2128	7.63E6
2129	7.63E6
2130	7.56E6
2131	7.63E6
2132	7.63E6
2133	7.77E6
2134	7.7E6
2135	7.7E6
2136	7.42E6
2137	7.7E6
2138	7.7E6
2139	7.63E6
2140	7.7E6
2141	7.7E6
2142	7.7E6
2143	7.63E6
2144	7.63E6
2145	7.56E6
2146	6.923E6
2147	6.993E6
2148	6.993E6
2149	6.972E6
2150	6.965E6
2151	6.951E6
2152	6.937E6
2153	6.811E6
2154	6.832E6
2155	6.825E6
2156	6.825E6
2157	6.804E6
2158	6.797E6
2159	6.762E6
2160	6.538E6
2161	6.531E6
2162	6.44E6
2163	6.44E6
2164	6.349E6
2165	6.125E6
2166	5.502E6
2167	6.272E6
2168	6.468E6
2169	6.643E6
2170	6.622E6
2171	6.678E6
2172	6.657E6
2173	6.678E6
2174	6.356E6
2175	6.363E6
2176	6.328E6
2177	6.279E6
2178	6.321E6
2179	6.097E6
2180	6.342E6
2181	6.335E6
2182	5.747E6
2183	5.607E6
2184	5.733E6
2185	5.747E6
2186	5.74E6
2187	5.733E6
2188	5.586E6
2189	5.957E6
2190	6.027E6
2191	6.118E6
2192	6.104E6
2193	6.097E6
2194	6.076E6
2195	6.062E6
2196	5.523E6
2197	5.502E6
2198	5.509E6
2199	5.502E6
2200	5.481E6
2201	5.467E6
2202	5.46E6
2203	5.705E6
2204	5.705E6
2205	5.691E6
2206	5.474E6
2207	5.404E6
2208	5.607E6
2209	5.495E6
2210	5.95E6
2211	5.943E6
2212	5.922E6
2213	5.922E6
2214	5.901E6
2215	5.901E6
2216	5.852E6
2217	5.768E6
2218	6.097E6
2219	6.118E6
2220	6.104E6
2221	6.09E6
2222	6.069E6
2223	6.069E6
2224	6.055E6
2225	6.069E6
2226	5.964E6
2227	5.985E6
2228	5.992E6
2229	6.048E6
2230	6.006E6
2231	6.013E6
2232	6.013E6
2233	5.922E6
2234	5.908E6
2235	5.894E6
2236	5.873E6
2237	5.873E6
2238	5.824E6
2239	5.705E6
2240	5.656E6
2241	5.712E6
2242	5.698E6
2243	5.614E6
2244	5.663E6
2245	5.67E6
2246	5.663E6
2247	5.656E6
2248	5.593E6
2249	5.712E6
2250	5.684E6
2251	5.677E6
2252	5.691E6
2253	5.642E6
2254	5.502E6
2255	5.432E6
2256	5.397E6
2257	5.397E6
2258	5.411E6
2259	5.418E6
2260	5.397E6
2261	5.369E6
2262	5.376E6
2263	5.173E6
2264	5.362E6
2265	5.334E6
2266	5.271E6
2267	5.32E6
2268	5.327E6
2269	5.313E6
2270	5.299E6
2271	5.271E6
2272	5.32E6
2273	5.32E6
2274	5.306E6
2275	5.229E6
2276	5.285E6
2277	5.285E6
2278	5.229E6
2279	5.215E6
2280	5.194E6
2281	4.956E6
2282	5.117E6
2283	5.131E6
2284	5.131E6
2285	5.11E6
2286	4.837E6
2287	4.844E6
2288	4.83E6
2289	4.823E6
2290	4.823E6
2291	4.795E6
2292	4.816E6
2293	4.809E6
2294	4.193E6
2295	4.305E6
2296	4.291E6
2297	4.221E6
2298	4.312E6
2299	4.319E6
2300	4.305E6
2301	4.305E6
2302	4.62E6
2303	4.606E6
2304	4.592E6
2305	4.585E6
2306	4.592E6
2307	4.578E6
2308	4.578E6
2309	4.55E6
2310	4.445E6
2311	4.459E6
2312	4.438E6
2313	4.459E6
2314	4.431E6
2315	4.361E6
2316	4.424E6
2317	4.382E6
2318	3.668E6
2319	3.654E6
2320	3.682E6
2321	3.682E6
2322	3.682E6
2323	3.472E6
2324	3.563E6
2325	3.598E6
2326	4.109E6
2327	4.186E6
2328	4.214E6
2329	4.193E6
2330	4.186E6
2331	4.172E6
2332	4.186E6
2333	4.186E6
2334	3.493E6
2335	3.437E6
2336	3.465E6
2337	3.486E6
2338	3.465E6
2339	3.374E6
2340	3.472E6
2341	3.472E6
2342	3.213E6
2343	3.199E6
2344	3.192E6
2345	3.185E6
2346	3.192E6
2347	3.171E6
2348	3.171E6
2349	3.185E6
2350	3.164E6
2351	2.674E6
2352	2.632E6
2353	2.527E6
2354	2.59E6
2355	2.618E6
2356	2.611E6
2357	2.59E6
2358	2.597E6
2359	3.381E6
2360	3.388E6
2361	3.36E6
2362	3.36E6
2363	3.36E6
2364	3.367E6
2365	3.36E6
2366	3.367E6
2367	2.205E6
2368	2.191E6
2369	2.17E6
2370	2.149E6
2371	2.177E6
2372	2.177E6
2373	2.17E6
2374	2.065E6
2375	2.135E6
2376	1.953E6
2377	1.946E6
2378	1.939E6
2379	1.939E6
2380	1.939E6
2381	1.932E6
2382	1.939E6
2383	1.841E6
2384	1.589E6
2385	1.603E6
2386	1.61E6
2387	1.589E6
2388	1.631E6
2389	1.624E6
2390	1.638E6
2391	1.631E6
2392	1.631E6
2393	2.086E6
2394	2.114E6
2395	2.093E6
2396	2.093E6
2397	2.1E6
2398	2.093E6
2399	2.093E6
2400	2.072E6
2401	1.666E6
2402	1.673E6
2403	1.659E6
2404	1.659E6
2405	1.673E6
2406	1.645E6
2407	1.652E6
2408	1.652E6
2409	1.652E6
2410	945000
2411	945000
2412	945000
2413	945000
2414	910000
2415	910000
2416	875000
2417	917000
2418	924000
2419	1.057E6
2420	1.05E6
2421	1.057E6
2422	1.057E6
2423	1.043E6
2424	1.05E6
2425	1.036E6
2426	1.05E6
2427	1.043E6
2428	1.309E6
2429	1.323E6
2430	1.309E6
2431	1.309E6
2432	1.316E6
2433	1.316E6
2434	1.288E6
2435	1.274E6
2436	1.309E6
2437	1.246E6
2438	1.218E6
2439	1.246E6
2440	1.246E6
2441	1.232E6
2442	1.239E6
2443	1.239E6
2444	1.232E6
2445	1.239E6
2446	205100
2447	205800
2448	205100
2449	205100
2450	206500
2451	203700
2452	203000
2453	206500
2454	205800
2455	763000
2456	756000
2457	735000
2458	763000
2459	770000
2460	763000
2461	763000
2462	763000
2463	763000
2464	370300
2465	367500
2466	364700
2467	366100
2468	366100
2469	364700
2470	349300
2471	364000
2472	362600
2473	143500
2474	141400
2475	144200
2476	142800
2477	144900
2478	144200
2479	137900
2480	140000
2481	138600
2482	12460
2483	12110
2484	12670
2485	12600
2486	12530
2487	11900
2488	12530
2489	12530
2490	12600
2491	10850
2492	10850
2493	10710
2494	10850
2495	10710
2496	10640
2497	10780
2498	10710
2499	10710
2500	10710